    7    3    0    8.000000000000E+00  2.000000000000E+00  type(cx_t)
      31  coefficients
 -7.61726884699681E-02  3.38414110617993E+01  5.70000855328066E+03 -6.98312729623915E+03
 -2.95094195237255E+05  3.38994730004139E+05 -3.45789497193862E+04  4.75285448419206E+05
 -3.86032199694715E+06 -3.35431098385743E+06  6.87233880529062E+06 -7.60143167881893E+08
  2.04865296939620E+09 -2.02850427564638E+08 -1.43008502674293E+09  3.42275507265740E+08
  2.17759507240664E+10 -5.56166663460812E+10  1.06617867408983E+10  3.41016046531021E+10
 -1.34448495333683E+10  1.84135587586044E+09  6.90159033114293E+08 -8.94586755811881E+10
  1.97145840365293E+11 -5.80374212964810E+10 -5.57165709900114E+10  6.06082194408772E+10
 -6.19837116073327E+10 -6.28391350765925E+09  1.37170699748304E+10
