-11.5407327600 -11.7856300461 3.0542900550
-8.9432190940 -12.8716087911 1.1560075076
-6.3794791778 -10.7683512153 1.8588542295
-3.8267243222 -11.5810503238 -0.2399951213
-1.3197488392 -9.5929314850 0.8275970473
1.1910541032 -10.1361793843 -1.4139011420
3.7261775781 -8.2751262195 -0.2156761710
6.2563859335 -8.4752826573 -2.4922592169
8.7146626775 -6.6836771872 -1.0409075289
11.1400786918 -6.1078331673 -3.3334340164
12.3039164026 -3.0658105280 -2.3391856064
12.0306397376 -2.9651318468 1.0718072407
8.8139441462 -2.0941325845 1.8802384243
6.8196937313 -4.8891737377 1.6687708165
3.6645279205 -3.7717100018 2.4910896098
1.4785612738 -6.4342562635 2.2367461729
-1.5550634027 -5.1273268609 3.2050838336
-3.8601305136 -7.6683286613 2.9474785297
-6.7404315137 -6.3685173380 4.2396201630
-8.9189051150 -8.9800804958 3.9916916221
-11.7193613609 -7.8434515497 5.5212908834
-11.1111344305 -9.0522124394 8.6153807771
-10.6262131173 -12.3654491200 7.9834814986
-8.6099864780 -12.6719107149 5.2129659087
-5.6550680588 -11.1293732457 5.9692313325
-3.2621420294 -11.6317071199 3.5397982847
-0.5205263158 -10.0011241497 4.6940686802
1.9186347660 -10.4059379265 2.3687103422
4.4410849665 -8.5681878960 3.6411674888
6.9261573982 -9.0792666027 1.4244778806
9.6431365017 -7.4535514487 2.5821906832
11.7883289371 -8.6364989294 0.2643043432
14.8822241807 -7.3938948632 0.7817043667
16.6663539884 -9.1767417163 -1.4968929950
14.6074235162 -9.5815372084 -4.2013228478
12.3306853347 -12.0386905418 -3.4645508529
9.5089601329 -10.6145052588 -2.0926191783
7.4182330415 -13.2860788730 -1.4735450294
4.4819715059 -12.0123647057 -0.1948726684
2.4457436750 -14.7402559813 0.2464797662
-0.5598692734 -13.4098090724 1.2477056344
-2.5996338533 -16.1323452697 1.6163923976
-5.5853086355 -14.6763113442 2.3980481112
-7.7924954710 -17.2424775437 2.8325981725
-10.6504724925 -15.5040544281 3.5053444539
-13.0760362242 -17.8563995350 3.9966795049
