    7    3    0    8.000000000000E+00  2.000000000000E+00  type(cx_t)
      31  coefficients
 -3.46585532141444E-02  6.48014647201583E-01 -3.59716446872146E+01  3.23499375188049E+01
  2.73285085344811E+03 -3.56461364111296E+03  8.46637500615054E+02 -3.07767048518328E+04
  3.47891211628816E+04 -1.72905866842623E+04  1.31314289051548E+04 -1.28611661792333E+04
  2.33622754788642E+05  6.07478280851106E+04 -3.36352676694777E+05  5.56953630878763E+04
 -8.49253570694381E+05  2.52853370166336E+06 -1.01248928761038E+06 -2.15501054395948E+06
  1.23119571467147E+06  5.27264714462020E+05 -2.72262567549523E+05  6.86289456678121E+06
 -2.18505354209460E+07  5.16299234529422E+06  2.02451019472522E+07 -7.98958929326294E+06
 -4.38084268737913E+06  1.18335132366148E+06  7.68326992821711E+05
